2.446254928108282656e-01
4.243799444007748889e+00
3.182242434463701031e+00
4.064226590634762104e+00
1.630720856601762581e+00
4.092380658287352313e-01
3.125785384458166782e-01
6.096344941501955494e-01
1.013116330112959096e+00
8.977449299429755003e-01
4.866991281639791445e-01
1.067973532790091662e+00
9.420252739331853586e-01
9.467924998008578896e-01
7.428445054392435187e-01
1.005090554737349873e+00
7.560764027790027875e-01
2.115799624900381204e+00
9.968036360704043419e-01
4.537459771815240961e-01
1.051805404273990829e+00
7.722595731707598832e-01
1.112173361018071294e+00
1.617877286263068815e+00
2.894469008190049264e-01
1.825314148680482473e+00
2.585689675491189554e-01
9.834423405099210758e-01
2.136543441580481262e-01
8.941036889618473316e-01
1.492968555206551695e+00
1.086138544072239087e+00
1.350056153386147040e+00
5.651750065137760570e-01
7.857640340402987089e-01
5.201928899235380710e-01
4.503205939783280765e-01
5.270867755811946553e-01
8.336507169560941621e-01
3.009016183516053378e-01
8.496072699178195409e-01
7.065959495589525519e-01
2.890372898822803349e-01
9.574549271666747963e-01
9.181202272081182558e-01
2.555512254035678943e-01
5.156091060476264420e-01
3.531188424906695489e-01
7.381183816529143238e-01
5.631263297494918385e-01
3.703988183851005811e-01
1.179342523226627193e-01
3.358769437117784529e-01
3.943781504088232914e-01
2.562790984005308692e-01
3.314514477518346047e-01
6.930753858441536519e-02
1.378442447653548675e-01
2.261441055042394677e-01
1.012796276658894240e-01
4.321250548688159582e-02
1.096763708608107651e-01
2.488257133528261889e-01
1.912258879843672932e-01
6.164598492342465708e-02
1.202024652092417156e-01
1.488119879155984371e-01
1.896582680937605736e-01
2.732406835499703521e-02
4.128542298458261206e-02
1.749844388861717948e-01
6.340838931638786979e-02
7.953128863328966236e-02
1.722380348937153360e-01
8.793635396789167835e-02
8.519634019065515373e-02
1.773246538015021967e-01
5.951655115569150917e-02
8.996849866218396830e-02
7.493164845931943319e-02
3.984036476747478128e-02
1.897553776275490711e-01
7.302499300394733883e-02
4.852994028954689398e-02
9.052454116337626741e-03
4.026500401695180809e-02
5.250050919788031012e-02
5.867240421074400997e-02
4.967337722850661413e-02
1.798839382578938315e-02
2.351515495887634283e-02
6.851028930316743759e-02
5.219049443635500468e-02
3.117032226819017524e-02
6.546551701168268345e-02
2.111885455475819018e-02
2.602726174748810212e-02
3.731609161437754452e-02
3.424734219816989722e-02
4.178985724885998787e-02
3.708283269708675944e-02
8.657293069484650605e-03
4.083559794106742663e-02
1.775729018432614659e-02
3.642889847205292575e-02
3.335796672237283100e-02
4.032464847014705783e-02
2.423304636914873703e-02
1.535589640656956530e-02
2.733923377778781430e-02
2.524075760980827240e-02
2.685669876127285902e-02
1.153819314276144543e-02
1.273035749969905241e-02
1.264837790016066707e-02
1.187410925029783529e-02
1.332154947403449419e-02
6.029082568353588863e-03
1.318689675892319169e-02
1.396739808866524768e-02
1.706579913644324514e-02
1.180887858504556936e-02
1.464863114781549992e-02
1.351973217491869890e-02
1.330639732158685369e-02
1.334450188378211860e-02
1.330639732158687277e-02
1.351973217491993749e-02
1.464863114781489624e-02
1.180887858504587468e-02
1.706579913644315494e-02
1.396739808866523901e-02
1.318689675892307199e-02
6.029082568352796961e-03
1.332154947403482899e-02
1.187410925029751436e-02
1.264837790016087003e-02
1.273035749969861526e-02
1.153819314276132574e-02
2.685669876127277228e-02
2.524075760980860547e-02
2.733923377778851860e-02
1.535589640656953234e-02
2.423304636914851151e-02
4.032464847014757131e-02
3.335796672237299060e-02
3.642889847205347392e-02
1.775729018432775294e-02
4.083559794106731561e-02
8.657293069485061734e-03
3.708283269708675944e-02
4.178985724886181280e-02
3.424734219816969599e-02
3.731609161437830086e-02
2.602726174748754701e-02
2.111885455475830467e-02
6.546551701168294712e-02
3.117032226818998442e-02
5.219049443635510876e-02
6.851028930316764576e-02
2.351515495887600976e-02
1.798839382578863028e-02
4.967337722850646148e-02
5.867240421074389894e-02
5.250050919788080278e-02
4.026500401695170400e-02
9.052454116338155832e-03
4.852994028954585315e-02
7.302499300394735271e-02
1.897553776275497928e-01
3.984036476747426780e-02
7.493164845931968299e-02
8.996849866218335767e-02
5.951655115569170346e-02
1.773246538015023077e-01
8.519634019065491781e-02
8.793635396789163672e-02
1.722380348937149752e-01
7.953128863328864928e-02
6.340838931638764775e-02
1.749844388861725164e-01
4.128542298458276472e-02
2.732406835499720868e-02
1.896582680937607401e-01
1.488119879155990477e-01
1.202024652092420071e-01
6.164598492342528852e-02
1.912258879843679316e-01
2.488257133528268550e-01
1.096763708608101268e-01
4.321250548688131826e-02
1.012796276658893130e-01
2.261441055042403003e-01
1.378442447653540626e-01
6.930753858441576765e-02
3.314514477518352709e-01
2.562790984005310913e-01
3.943781504088237910e-01
3.358769437117782308e-01
1.179342523226614564e-01
3.703988183851005811e-01
5.631263297494936149e-01
7.381183816529145458e-01
3.531188424906678280e-01
5.156091060476267751e-01
2.555512254035672837e-01
9.181202272081183668e-01
9.574549271666749073e-01
2.890372898822806680e-01
7.065959495589537731e-01
8.496072699178198739e-01
3.009016183516038945e-01
8.336507169560939401e-01
5.270867755811946553e-01
4.503205939783280209e-01
5.201928899235378490e-01
7.857640340402983758e-01
5.651750065137769452e-01
1.350056153386147484e+00
1.086138544072237977e+00
1.492968555206551251e+00
8.941036889618457772e-01
2.136543441580488201e-01
9.834423405099227411e-01
2.585689675491187889e-01
1.825314148680484916e+00
2.894469008190048154e-01
1.617877286263069259e+00
1.112173361018070850e+00
7.722595731707639910e-01
1.051805404273989719e+00
4.537459771815218756e-01
9.968036360704054522e-01
2.115799624900381204e+00
7.560764027790020103e-01
1.005090554737351649e+00
7.428445054392429636e-01
9.467924998008595550e-01
9.420252739331864689e-01
1.067973532790090996e+00
4.866991281639795330e-01
8.977449299429736129e-01
1.013116330112961316e+00
6.096344941501946613e-01
3.125785384458168448e-01
4.092380658287392836e-01
1.630720856601763025e+00
4.064226590634762992e+00
3.182242434463701475e+00
2.121899722003871336e+00
